-1.290000000000000000e+02
-1.272881714488094218e+02
-1.255764444724301256e+02
-1.238648387187465687e+02
-1.221533776317784117e+02
-1.204420891832555327e+02
-1.187310067443855530e+02
-1.170201701243424850e+02
-1.153096268068814965e+02
-1.135994334221967392e+02
-1.118896574978017497e+02
-1.101803795399466566e+02
-1.084716955060071513e+02
-1.067637197384931653e+02
-1.050565884428982315e+02
-1.033504638045578190e+02
-1.016455388539251459e+02
-9.994204320497061644e+01
-9.824024980730432333e+01
-9.654048286831233838e+01
-9.484312711580298583e+01
-9.314863858242432570e+01
-9.145755709755664498e+01
-8.977052066639321026e+01
-8.808828189379900664e+01
-8.641172656460472012e+01
-8.474189441225527730e+01
-8.308000198165585459e+01
-8.142746730474817696e+01
-7.978593584232427816e+01
-7.815730678674923126e+01
-7.654375835551408613e+01
-7.494777013278068978e+01
-7.337213985204920164e+01
-7.181999130495326256e+01
-7.029476939957083914e+01
-6.880021792146763460e+01
-6.734033547359119609e+01
-6.591930562999340282e+01
-6.454139877397716418e+01
-6.321084556539412347e+01
-6.193168547324346207e+01
-6.070759801079171325e+01
-5.954172857374076955e+01
-5.843652417557989054e+01
-5.739359588149125102e+01
-5.641362358055066295e+01
-5.549631469086392599e+01
-5.464042201082294525e+01
-5.384381844943060003e+01
-5.310361936972513774e+01
-5.241633819051645560e+01
-5.177805856161798204e+01
-5.118460693626491320e+01
-5.063171212031861046e+01
-5.011514241591521568e+01
-4.963081529952981441e+01
-4.917487840536524857e+01
-4.874376348255609059e+01
-4.833421683403129521e+01
-4.794331062789004250e+01
-4.756843961907327412e+01
-4.720730747906641511e+01
-4.685790632567123737e+01
-4.651849234163809399e+01
-4.618755968147790725e+01
-4.586381425307800441e+01
-4.554614845221799158e+01
-4.523361752793580592e+01
-4.492541795595647613e+01
-4.462086798101445595e+01
-4.431939034023430679e+01
-4.402049708310670439e+01
-4.372377634548108460e+01
-4.342888090439384996e+01
-4.313551832889308457e+01
-4.284344254286379794e+01
-4.255244662450090232e+01
-4.226235668018692593e+01
-4.197302664581486908e+01
-4.168433388452859845e+01
-4.139617546546020321e+01
-4.110846502274625891e+01
-4.082113010758568805e+01
-4.053410995822822827e+01
-4.024735362353278845e+01
-3.996081838516192875e+01
-3.967446843167439852e+01
-3.938827374485472887e+01
-3.910220916469610586e+01
-3.881625360465142194e+01
-3.853038939319348799e+01
-3.824460172148999959e+01
-3.795887818018570670e+01
-3.767320837098237973e+01
-3.738758358098569090e+01
-3.710199650970834284e+01
-3.681644104023853004e+01
-3.653091204744464449e+01
-3.624540523723328533e+01
-3.595991701184071587e+01
-3.567444435694704907e+01
-3.538898474708167896e+01
-3.510353606635906942e+01
-3.481809654206223570e+01
-3.453266468899292363e+01
-3.424723926284374897e+01
-3.396181922113098040e+01
-3.367640369046156934e+01
-3.339099193910870156e+01
-3.310558335403436558e+01
-3.282017742163854734e+01
-3.253477371163050691e+01
-3.224937186351586149e+01
-3.196397157527543698e+01
-3.167857259388030400e+01
-3.139317470734528115e+01
-3.110777773807133428e+01
-3.082238153726792973e+01
-3.053698598027992261e+01
-3.025159096267267955e+01
-2.996619639695204285e+01
-2.968080220981642015e+01
-2.939540833985468282e+01
-2.911001473561722719e+01
-2.882462135400027137e+01
-2.853922815889195874e+01
-2.825383512003827491e+01
-2.796844221209271097e+01
-2.768304941382031359e+01
-2.739765670743072690e+01
-2.711226407801937910e+01
-2.682687151309940532e+01
-2.654147900220951328e+01
-2.625608653658530045e+01
-2.597069410888413188e+01
-2.568530171295439857e+01
-2.539990934364234931e+01
-2.511451699663025749e+01
-2.482912466830080689e+01
-2.454373235562340483e+01
-2.425834005605911159e+01
-2.397294776748081802e+01
-2.368755548810644029e+01
-2.340216321644300024e+01
-2.311677095123965842e+01
-2.283137869144852061e+01
-2.254598643619166864e+01
-2.226059418473356288e+01
-2.197520193645800646e+01
-2.168980969084874744e+01
-2.140441744747327846e+01
-2.111902520596926536e+01
-2.083363296603312165e+01
-2.054824072741050145e+01
-2.026284848988834142e+01
-1.997745625328816743e+01
-1.969206401746039603e+01
-1.940667178227973011e+01
-1.912127954764119409e+01
-1.883588731345686540e+01
-1.855049507965306077e+01
-1.826510284616803403e+01
-1.797971061295011452e+01
-1.769431837995594492e+01
-1.740892614714923070e+01
-1.712353391449958906e+01
-1.683814168198151151e+01
-1.655274944957366756e+01
-1.626735721725819417e+01
-1.598196498502007046e+01
-1.569657275284677667e+01
-1.541118052072778255e+01
-1.512578828865429159e+01
-1.484039605661892836e+01
-1.455500382461549691e+01
-1.426961159263879608e+01
-1.398421936068451998e+01
-1.369882712874903063e+01
-1.341343489682927270e+01
-1.312804266492268823e+01
-1.284265043302714560e+01
-1.255725820114085423e+01
-1.227186596926230777e+01
-1.198647373739026989e+01
-1.170108150552367476e+01
-1.141568927366162711e+01
-1.113029704180340218e+01
-1.084490480994837469e+01
-1.055951257809601884e+01
-1.027412034624592252e+01
-9.988728114397702029e+00
-9.703335882551058944e+00
-9.417943650705709047e+00
-9.132551418861496018e+00
-8.847159187018192483e+00
-8.561766955175684757e+00
-8.276374723333816519e+00
-7.990982491492502504e+00
-7.705590259651629026e+00
-7.420198027811139241e+00
-7.134805795970990516e+00
-6.849413564131097587e+00
-6.564021332291417821e+00
-6.278629100451951217e+00
-5.993236868612626722e+00
-5.707844636773444336e+00
-5.422452404934375636e+00
-5.137060173095377991e+00
-4.851667941256451400e+00
-4.566275709417610074e+00
-4.280883477578825591e+00
-3.995491245740083741e+00
-3.710099013901384524e+00
-3.424706782062713728e+00
-3.139314550224071354e+00
-2.853922318385443191e+00
-2.568530086546843449e+00
-2.283137854708257919e+00
-1.997745622869686599e+00
-1.712353391031129490e+00
-1.426961159192572381e+00
-1.141568927354029483e+00
-8.561766955154723746e-01
-5.707844636769436875e-01
-2.853922318384150003e-01
1.136868377216160297e-13
2.853922318386423740e-01
5.707844636771994828e-01
8.561766955156997483e-01
1.141568927354256857e+00
1.426961159192757123e+00
1.712353391031342653e+00
1.997745622869899762e+00
2.283137854708485293e+00
2.568530086547070823e+00
2.853922318385684775e+00
3.139314550224327149e+00
3.424706782062969523e+00
3.710099013901640319e+00
3.995491245740311115e+00
4.280883477579067176e+00
4.566275709417851658e+00
4.851667941256692984e+00
5.137060173095619575e+00
5.422452404934603010e+00
5.707844636773671709e+00
5.993236868612854096e+00
6.278629100452207012e+00
6.564021332291673616e+00
6.849413564131339172e+00
7.134805795971232101e+00
7.420198027811380825e+00
7.705590259651870610e+00
7.990982491492729878e+00
8.276374723334072314e+00
8.561766955175926341e+00
8.847159187018434068e+00
9.132551418861737602e+00
9.417943650705950631e+00
9.703335882551272107e+00
9.988728114397929403e+00
1.027412034624614989e+01
1.055951257809621779e+01
1.084490480994858785e+01
1.113029704180360113e+01
1.141568927366182606e+01
1.170108150552385951e+01
1.198647373739046884e+01
1.227186596926250672e+01
1.255725820114102476e+01
1.284265043302733034e+01
1.312804266492287297e+01
1.341343489682944323e+01
1.369882712874917274e+01
1.398421936068470472e+01
1.426961159263893819e+01
1.455500382461565323e+01
1.484039605661908467e+01
1.512578828865449054e+01
1.541118052072795308e+01
1.569657275284691877e+01
1.598196498502022678e+01
1.626735721725833628e+01
1.655274944957380967e+01
1.683814168198168204e+01
1.712353391449974538e+01
1.740892614714940123e+01
1.769431837995611545e+01
1.797971061295029926e+01
1.826510284616821878e+01
1.855049507965324551e+01
1.883588731345705014e+01
1.912127954764139304e+01
1.940667178227988643e+01
1.969206401746055235e+01
1.997745625328835217e+01
2.026284848988854037e+01
2.054824072741067198e+01
2.083363296603329218e+01
2.111902520596945010e+01
2.140441744747346320e+01
2.168980969084893218e+01
2.197520193645817699e+01
2.226059418473374762e+01
2.254598643619183918e+01
2.283137869144869114e+01
2.311677095123982895e+01
2.340216321644314235e+01
2.368755548810662503e+01
2.397294776748097433e+01
2.425834005605929633e+01
2.454373235562357536e+01
2.482912466830097742e+01
2.511451699663041381e+01
2.539990934364251984e+01
2.568530171295455489e+01
2.597069410888428820e+01
2.625608653658545677e+01
2.654147900220965539e+01
2.682687151309957585e+01
2.711226407801953542e+01
2.739765670743088322e+01
2.768304941382046991e+01
2.796844221209289572e+01
2.825383512003844544e+01
2.853922815889214348e+01
2.882462135400044190e+01
2.911001473561742614e+01
2.939540833985486756e+01
2.968080220981661910e+01
2.996619639695219917e+01
3.025159096267285008e+01
3.053698598028006472e+01
3.082238153726808605e+01
3.110777773807149060e+01
3.139317470734542326e+01
3.167857259388043190e+01
3.196397157527556487e+01
3.224937186351598939e+01
3.253477371163063481e+01
3.282017742163867524e+01
3.310558335403447927e+01
3.339099193910880103e+01
3.367640369046168303e+01
3.396181922113106566e+01
3.424723926284386266e+01
3.453266468899300889e+01
3.481809654206233517e+01
3.510353606635919732e+01
3.538898474708179265e+01
3.567444435694719118e+01
3.595991701184084377e+01
3.624540523723339902e+01
3.653091204744478659e+01
3.681644104023865793e+01
3.710199650970847074e+01
3.738758358098581880e+01
3.767320837098253605e+01
3.795887818018584881e+01
3.824460172149017012e+01
3.853038939319361589e+01
3.881625360465156405e+01
3.910220916469626218e+01
3.938827374485487098e+01
3.967446843167454062e+01
3.996081838516204243e+01
4.024735362353291634e+01
4.053410995822835616e+01
4.082113010758581595e+01
4.110846502274637260e+01
4.139617546546031690e+01
4.168433388452874055e+01
4.197302664581499698e+01
4.226235668018702540e+01
4.255244662450101600e+01
4.284344254286386899e+01
4.313551832889316984e+01
4.342888090439393523e+01
4.372377634548118408e+01
4.402049708310678966e+01
4.431939034023440627e+01
4.462086798101452700e+01
4.492541795595656140e+01
4.523361752793590540e+01
4.554614845221809105e+01
4.586381425307806126e+01
4.618755968147797830e+01
4.651849234163819347e+01
4.685790632567130842e+01
4.720730747906651459e+01
4.756843961907335938e+01
4.794331062789012776e+01
4.833421683403139468e+01
4.874376348255617586e+01
4.917487840536534804e+01
4.963081529952987125e+01
5.011514241591527252e+01
5.063171212031869572e+01
5.118460693626497005e+01
5.177805856161802467e+01
5.241633819051648402e+01
5.310361936972512353e+01
5.384381844943061424e+01
5.464042201082293104e+01
5.549631469086392599e+01
5.641362358055067716e+01
5.739359588149125102e+01
5.843652417557987633e+01
5.954172857374078376e+01
6.070759801079174167e+01
6.193168547324350470e+01
6.321084556539418031e+01
6.454139877397722103e+01
6.591930562999348808e+01
6.734033547359129557e+01
6.880021792146769144e+01
7.029476939957086756e+01
7.181999130495333361e+01
7.337213985204923006e+01
7.494777013278076083e+01
7.654375835551414298e+01
7.815730678674930232e+01
7.978593584232433500e+01
8.142746730474826222e+01
8.308000198165586880e+01
8.474189441225536257e+01
8.641172656460477697e+01
8.808828189379906348e+01
8.977052066639325290e+01
9.145755709755670182e+01
9.314863858242435413e+01
9.484312711580298583e+01
9.654048286831240944e+01
9.824024980730433754e+01
9.994204320497067329e+01
1.016455388539251601e+02
1.033504638045578474e+02
1.050565884428982031e+02
1.067637197384931937e+02
1.084716955060071371e+02
1.101803795399466992e+02
1.118896574978017497e+02
1.135994334221967677e+02
1.153096268068815107e+02
1.170201701243425418e+02
1.187310067443855530e+02
1.204420891832556038e+02
1.221533776317783975e+02
1.238648387187465403e+02
1.255764444724301256e+02
1.272881714488093507e+02
1.290000000000000000e+02
